3 2 2
volk ovc trav ox
40 50 60 70
40 50 60 70
40 50 60 70
40 50 60 70
40 50 60 70
40 50 60 70
40 50 60 70
40 50 60 70
40 50 60 70
40 50 60 70
40 50 60 70
40 50 60 70
40 50 60 70
40 50 60 70
40 50 60 70
40 50 60 70
40 50 60 70
40 50 60 70
40 50 60 70
40 50 60 70
40 50 60 70
40 50 60 70
40 50 60 70
40 50 60 70
40 50 60 70
40 50 60 70
40 50 60 70
40 50 60 70
40 50 60 70
40 50 60 70
40 50 60 70
40 50 60 70
40 50 60 70
40 50 60 70
40 50 60 70
40 50 60 70
40 50 60 70
40 50 60 70
40 50 60 70
40 50 60 70
40 50 60 70
40 50 60 70
40 50 60 70
40 50 60 70
40 50 60 70
40 50 60 70
40 50 60 70
40 50 60 70
40 50 60 70
0 0 0 0
0 0 0 0
0 0 0 0
0 20 0 0
0 0 0 0
0 0 0 0
0 0 0 0
0 0 200 0
0 100 0 0
0 0 0 0
0 0 0 0
0 0 0 0
0 0 0 0
0 0 0 0
0 0 0 0
0 0 0 0
0 0 0 0
0 0 0 0
0 0 0 0
0 0 0 0
0 0 0 0
0 0 0 0
0 0 0 0
0 0 0 0
0 0 0 0














40 20 30 40 
40 20 5 3
40 20 5 3
40 20 5 3
40 20 5 3
40 20 5 3
30 20 50 300
30 20 50 300
30 20 50 300
30 20 50 300
30 20 50 300
30 20 50 300
30 20 50 300
30 20 50 300
40 50 500 60
40 50 50 3000
40 40 40 300
40 20 50 300
40 20 50 300
40 20 50 300
40 20 5 3
40 20 50 300
40 20 50 300
40 20 50 300
40 20 50 300
40 20 50 300
40 20 50 300
40 20 50 300
40 20 50 300
40 20 50 300
40 20 50 300
0 20 50 300
0 20 50 300
0 20 50 300
0 20 50 300
0 20 50 300
0 20 50 300
0 20 50 300
0 20 50 300
0 20 50 300
0 20 50 300
0 20 50 300
0 20 50 300
0 20 50 300
0 20 50 300
0 20 50 300000
0 20 50 300000
0 20 50 300000
0 20 50 300000
0 20 50 300000
0 20 50 300000
100 20 500000000 300000
10 20 500000000
100 20 500000000
1000 20 500000000
1000 20 500000000
1000 20 500000000
1000 20 500000000
1000 20 500000000
1000 20 500000000
1000 20 500000000
1000 20 500000000
1000 20 500000000
1000 20 500000000
1000 20 500000000
1000 20 500000000
1000 20 500000000
1000 20 500000000
1000 20 500000000
1000 20 500000000
1000 20 500000000
1000 20 500000000
1000 20 500000000
1000 20 500000000
200 3 32000000
4300 4 4500
5400 3 64000
4500 43 520000
32000 3 4400
400 5 330000
3400 3 4100
1000 20 500000000
200 3 32000000
4300 4 4500
5400 3 64000
4500 43 520000
32000 3 4400
400 5 330000
3400 3 4100
1000 20 500000000
200 3 32000000
4300 4 4500
5400 3 64000
4500 43 520000
32000 3 4400
400 5 330000
3400 3 4100
1000 20 500000000
200 3 32000000
4300 4 4500
5400 3 64000
4500 43 520000
32000 3 4400
400 5 330000
3400 3 4100
1000 20 500000000
200 3 32000000
4300 4 4500
5400 3 64000
4500 43 520000
32000 3 4400
400 5 330000
3400 3 4100
1000 20 500000000
200 3 32000000
4300 4 4500
5400 3 64000
4500 43 520000
32000 3 4400
400 5 330000
3400 3 4100
1000 20 500000000
200 3 32000000
4300 4 4500
5400 3 64000
4500 43 520000
32000 3 4400
400 5 330000
3400 3 4100
1000 20 500000000
200 3 32000000
4300 4 4500
5400 3 64000
4500 43 520000
32000 3 4400
400 5 330000
3400 3 4100
1000 20 500000000
200 3 32000000
4300 4 4500
5400 3 64000
4500 43 520000
32000 3 4400
400 5 330000
3400 3 4100
1000 20 500000000
200 3 32000000
4300 4 4500
5400 3 64000
4500 43 520000
32000 3 4400
400 5 330000
3400 3 4100
1000 20 500000000
200 3 32000000
4300 4 4500
5400 3 64000
4500 43 520000
32000 3 4400
400 5 330000
3400 3 4100
1000 20 500000000
200 3 32000000
4300 4 4500
5400 3 64000
4500 43 520000
32000 3 4400
400 5 330000
3400 3 4100
1000 20 500000000
200 3 32000000
4300 4 4500
5400 3 64000
4500 43 520000
32000 3 4400
400 5 330000
3400 3 4100
1000 20 500000000
200 3 32000000
4300 4 4500
5400 3 64000
4500 43 520000
32000 3 4400
400 5 330000
3400 3 4100
1000 20 500000000
200 3 32000000
4300 4 4500
5400 3 64000
4500 43 520000
32000 3 4400
400 5 330000
3400 3 4100
1000 20 500000000
200 3 32000000
4300 4 4500
5400 3 64000
4500 43 520000
